time       100.00000  0.03985121         NaN
time       200.00000  0.03974574         NaN
time       300.00000  0.03962911         NaN
time       600.00000  0.03946063         NaN
time      1000.00000  0.03973388         NaN
time      1800.00000  0.03998614         NaN
time      3200.00000  0.04065229         NaN
time      5600.00000  0.04053297         NaN
time     10000.00000  0.04025809         NaN
time     17800.00000  0.03892371         NaN
time     31600.00000  0.03649943         NaN
time     56200.00000  0.03461741         NaN
time    100000.00000  0.03245961         NaN
time    177800.00000  0.03096920         NaN
time    316200.00000  0.03511412         NaN
time    562300.00000  0.02351434         NaN
time   1000000.00000         NaN         NaN
time   1778100.00000         NaN         NaN
time   3162000.00000         NaN         NaN
time   5623000.00000         NaN         NaN
time  10000000.00000         NaN         NaN
time       500.00000  0.03944132         NaN
