time         0.00000  0.99999553         NaN
time       100.00000  0.98366255         NaN
time       200.00000  0.96786368         NaN
time       300.00000  0.95230442         NaN
time       600.00000  0.90838778         NaN
time      1000.00000  0.85467547         NaN
time      1800.00000  0.75673842         NaN
time      3200.00000  0.62813681         NaN
time      5600.00000  0.45959532         NaN
time     10000.00000  0.27728763         NaN
time     17800.00000  0.13653599         NaN
time     31600.00000  0.00830887         NaN
time     56200.00000  0.02247538         NaN
time    100000.00000 -0.03097728         NaN
time    177800.00000  0.00538092         NaN
time    316200.00000  0.01349195         NaN
time    562300.00000  0.04933233         NaN
time   1000000.00000         NaN         NaN
time   1778100.00000         NaN         NaN
time   3162000.00000         NaN         NaN
time   5623000.00000         NaN         NaN
time  10000000.00000         NaN         NaN
time       500.00000  0.92260408         NaN
