time         0.00000  1.00000250         NaN
time       100.00000  0.96012062         NaN
time       200.00000  0.92223269         NaN
time       300.00000  0.88695925         NaN
time       600.00000  0.79372007         NaN
time      1000.00000  0.69365942         NaN
time      1800.00000  0.53588742         NaN
time      3200.00000  0.36332211         NaN
time      5600.00000  0.22985822         NaN
time     10000.00000  0.16908911         NaN
time     17800.00000  0.06790162         NaN
time     31600.00000  0.01740064         NaN
time     56200.00000 -0.01217656         NaN
time    100000.00000 -0.04667209         NaN
time    177800.00000 -0.04913007         NaN
time    316200.00000 -0.03643648         NaN
time    562300.00000  0.00091317         NaN
time   1000000.00000         NaN         NaN
time   1778100.00000         NaN         NaN
time   3162000.00000         NaN         NaN
time   5623000.00000         NaN         NaN
time  10000000.00000         NaN         NaN
time       500.00000  0.82262939         NaN
