time         0.00000  0.99999940         NaN
time       100.00000  0.95045900         NaN
time       200.00000  0.90358472         NaN
time       300.00000  0.85984886         NaN
time       600.00000  0.74442178         NaN
time      1000.00000  0.61899829         NaN
time      1800.00000  0.42667809         NaN
time      3200.00000  0.23288672         NaN
time      5600.00000  0.11633151         NaN
time     10000.00000  0.06588833         NaN
time     17800.00000  0.01662190         NaN
time     31600.00000 -0.01845405         NaN
time     56200.00000  0.01126313         NaN
time    100000.00000  0.02211954         NaN
time    177800.00000  0.02332249         NaN
time    316200.00000  0.04644648         NaN
time    562300.00000 -0.00495747         NaN
time   1000000.00000         NaN         NaN
time   1778100.00000         NaN         NaN
time   3162000.00000         NaN         NaN
time   5623000.00000         NaN         NaN
time  10000000.00000         NaN         NaN
time       500.00000  0.78000009         NaN
